function rgb = cmappolargraynan
%%return polar colormap in RGB
%function rgb = cmappolar
% imagesc(2*(rand(500)-0.5));
% colormap(cmappolar);
% colorbar
% imagesc(2*(rand(500)-0.5));
% colormap(flipud(cmappolar));
% colorbar
% Made from GMT:
% gmt makecpt -T-1/1/0.1 -Fr -Cpolar | sed 's%/% %g' | awk '{printf("%10.4f %10.4f %10.4f\n", $2/256,$3/256,$4/256)}'
% 20170519 Kurt Feigl

%    [0. 0. 0.; ...
%     

rgb = ...
    [0.5 0.5 0.5;  ...
    0.0498     0.0498     0.9961; ...
    0.1494     0.1494     0.9961; ...
    0.2490     0.2490     0.9961; ...
    0.3486     0.3486     0.9961; ...
    0.4482     0.4482     0.9961; ...
    0.5479     0.5479     0.9961; ...
    0.6475     0.6475     0.9961; ...
    0.7471     0.7471     0.9961; ...
    0.8467     0.8467     0.9961; ...
    0.9463     0.9463     0.9961; ...
    1.         1.         1.    ; ...
    0.9961     0.9463     0.9463; ...
    0.9961     0.8467     0.8467; ...
    0.9961     0.7471     0.7471; ...
    0.9961     0.6475     0.6475; ...
    0.9961     0.5479     0.5479; ...
    0.9961     0.4482     0.4482; ...
    0.9961     0.3486     0.3486; ...
    0.9961     0.2490     0.2490; ...
    0.9961     0.1494     0.1494; ...
    0.9961     0.0498     0.0498]; 
%     0.5 0.5 0.5];
%     0.0000     0.0000     0.0000; ...
%     0.4980     0.4980     0.4980];
% B    0 0 0
% F 255 255 255
% N 127.5 127.5 127.5
end

